%YAML:1.0
---
K: !!opencv-matrix
   rows: 3
   cols: 3
   dt: d
   data: [ 7.7207203343550202e+02, 0., 9.5927130768353959e+02, 0.,
       7.7195643184095957e+02, 5.6619021665270998e+02, 0., 0., 1. ]
D: !!opencv-matrix
   rows: 1
   cols: 5
   dt: d
   data: [ -3.8884719272629870e-03, 1.5871681650809499e-02,
       1.3864664277559593e-04, -3.3264854005053728e-04,
       -2.0744886382463568e-02 ]
