%YAML:1.0
---
K: !!opencv-matrix
   rows: 3
   cols: 3
   dt: d
   data: [ 4.2616332537600092e+03, 0., 1.8952378522699521e+03, 0.,
       4.2481235047170512e+03, 1.7209591095167812e+03, 0., 0., 1. ]
D: !!opencv-matrix
   rows: 1
   cols: 5
   dt: d
   data: [ -7.5944945460406019e-02, 3.5255209365815926e-01,
       -8.0660346054843342e-03, 7.0937258016788886e-03,
       -8.3821158448736766e-01 ]
